   0.0021808148
   0.0044386855
   0.0065819797
   0.0087127686
    0.010824705
    0.012996299
    0.015320194
    0.017455731
    0.019658442
    0.021798306
    0.024115231
    0.026385026
    0.028649482
    0.031046115
    0.033466187
    0.035782277
    0.038063918
    0.040498153
    0.042991198
    0.045432319
    0.047688176
    0.050064646
    0.052468267
    0.055097057
    0.057545644
     0.05982805
    0.062221381
    0.064796791
    0.067196336
     0.06965448
    0.072188509
    0.074795535
    0.077191813
    0.079643379
    0.082345319
    0.084872802
    0.087421676
    0.090142751
    0.092777178
    0.095540798
    0.098156338
     0.10083148
     0.10347232
     0.10610802
     0.10875644
     0.11130544
     0.11386008
     0.11660232
     0.11915962
     0.12178177
     0.12442593
     0.12719901
     0.12990594
     0.13274593
     0.13562763
     0.13850858
     0.14138652
     0.14434595
     0.14725853
     0.15018536
     0.15313975
     0.15617782
     0.15920638
     0.16237354
     0.16530854
     0.16817687
     0.17131446
      0.1743678
     0.17740373
     0.18060575
     0.18368916
     0.18681323
      0.1900544
      0.1931946
       0.196317
     0.19965556
     0.20276983
     0.20574904
     0.20894437
     0.21235436
     0.21557122
     0.21889291
     0.22252977
     0.22609329
     0.22938103
     0.23286538
     0.23622699
     0.23946558
     0.24294458
     0.24636601
     0.25010794
     0.25388995
     0.25755429
     0.26119838
     0.26480147
     0.26844152
      0.2720573
     0.27582065
     0.27952831
     0.28322639
     0.28693933
     0.29082735
     0.29464136
     0.29845946
     0.30234114
      0.3061791
     0.31002174
     0.31388198
     0.31787875
        0.32164
     0.32599541
     0.33027872
     0.33443341
     0.33877112
      0.3427702
     0.34688524
     0.35126922
     0.35539346
     0.35992827
     0.36458495
     0.36884779
       0.373329
     0.37757066
     0.38216167
     0.38695787
     0.39171353
     0.39635307
     0.40125014
     0.40592582
     0.41092528
     0.41600175
     0.42117121
     0.42588153
     0.43081348
     0.43600801
     0.44111332
     0.44636251
     0.45154607
     0.45669895
     0.46195526
     0.46748762
     0.47238608
     0.47787115
     0.48323308
      0.4884499
     0.49422773
     0.50007908
     0.50563848
     0.51164675
     0.51771998
      0.5237966
     0.53034115
     0.53646787
     0.54279498
     0.54938868
     0.55591398
     0.56234089
     0.56864709
     0.57581175
     0.58352075
     0.59026902
     0.59657082
     0.60333472
     0.61022932
     0.61752485
     0.62457006
     0.63156234
     0.63878428
     0.64567338
     0.65320059
     0.66096773
      0.6691218
      0.6766268
     0.68485114
     0.69279828
     0.70098831
     0.70947863
     0.71792106
     0.72565759
      0.7343033
      0.7428536
     0.75111892
      0.7599796
     0.76896891
     0.77768144
     0.78636978
     0.79584739
     0.80494867
     0.81456222
     0.82405137
     0.83350388
     0.84350449
     0.85308251
     0.86321474
     0.87358425
     0.88398489
     0.89476274
     0.90660405
      0.9176737
     0.92885571
     0.94003663
       0.951302
     0.96258123
     0.97503661
     0.98704221
      0.9985548
      1.0110109
      1.0224319
      1.0353724
      1.0478218
      1.0601147
      1.0714898
      1.0850597
      1.0987125
       1.112284
      1.1254804
      1.1390302
      1.1537456
      1.1681415
      1.1827326
      1.1977834
      1.2121093
      1.2269529
      1.2421907
      1.2578493
      1.2736545
      1.2897483
      1.3056998
      1.3225357
      1.3379147
      1.3545713
      1.3716677
      1.3890866
      1.4055042
      1.4243421
      1.4415989
      1.4590318
      1.4757299
      1.4936133
       1.510572
      1.5291034
      1.5475296
      1.5675594
       1.588435
      1.6088687
      1.6306227
      1.6534496
      1.6767153
      1.6977181
      1.7191633
      1.7423762
      1.7668906
      1.7880771
       1.810959
      1.8349941
      1.8591765
      1.8833708
      1.9066872
      1.9308001
      1.9565112
      1.9800416
      2.0044182
      2.0285498
      2.0553769
      2.0841136
      2.1110259
      2.1369252
      2.1645519
      2.1895701
      2.2184503
      2.2470211
      2.2772641
      2.3087858
      2.3393938
      2.3704979
      2.4009086
      2.4333411
      2.4634466
      2.4937822
      2.5276052
      2.5601726
      2.5926575
      2.6273147
      2.6632576
      2.6961824
      2.7331838
      2.7694467
      2.8034029
      2.8390936
       2.874603
      2.9124697
       2.950489
      2.9886586
      3.0260341
      3.0643542
      3.1072327
      3.1473436
      3.1889106
      3.2263715
      3.2674454
      3.3085362
       3.350892
      3.3949861
      3.4368962
       3.479509
      3.5241504
      3.5673763
       3.610431
        3.65371
      3.6987788
      3.7433663
       3.789013
       3.838604
       3.887151
      3.9345475
      3.9839149
       4.032585
      4.0825407
      4.1289919
      4.1780441
      4.2313567
      4.2822751
      4.3333175
      4.3877124
      4.4411359
       4.496731
      4.5536406
      4.6115793
      4.6673176
      4.7253752
      4.7830177
      4.8428987
      4.9046664
      4.9592865
      5.0199142
      5.0829307
      5.1434683
      5.2062019
      5.2697318
      5.3384301
       5.403716
      5.4692468
      5.5341994
      5.6021822
       5.669704
      5.7341729
      5.7992418
      5.8629809
      5.9348656
      6.0074438
      6.0808139
      6.1541284
      6.2259374
      6.2939264
      6.3713819
      6.4475473
      6.5254426
      6.6055071
      6.6864745
      6.7690701
      6.8459246
      6.9230495
      7.0084819
      7.0909603
      7.1742675
      7.2577916
      7.3397871
      7.4177118
      7.5054463
      7.5962219
      7.6840239
      7.7707703
      7.8592819
      7.9539273
      8.0439966
      8.1403078
      8.2372191
      8.3397728
      8.4310892
       8.527567
      8.6277174
      8.7262148
      8.8331417
      8.9367099
      9.0443419
      9.1420465
      9.2403599
      9.3451095
      9.4516357
      9.5670574
      9.6781939
      9.7798463
      9.8832055
      9.9991241
      10.113709
      10.227998
      10.334729
      10.452876
      10.571315
      10.689124
      10.809563
      10.923606
      11.039105
      11.169525
      11.292723
      11.413601
      11.532302
      11.657218
      11.780286
      11.906016
      12.036382
      12.168688
      12.288161
      12.415177
      12.546123
      12.679982
      12.815792
      12.951457
      13.101322
      13.242645
       13.38192
      13.518955
      13.663358
      13.808188
       13.95249
      14.099454
       14.24581
        14.3908
      14.539401
      14.688467
      14.845931
      15.007075
      15.154196
      15.319145
      15.468081
      15.630109
      15.795283
      15.954071
      16.118622
      16.272196
      16.440805
       16.61155
      16.783766
      16.957637
      17.127301
      17.295349
      17.476473
      17.647328
      17.822853
      17.995933
      18.164718
      18.344662
      18.517808
      18.702808
      18.881803
      19.060795
       19.25951
      19.446995
      19.633713
      19.826548
      20.025572
      20.226062
      20.432148
      20.626981
      20.824763
      21.019475
      21.210999
      21.423601
      21.622506
      21.828193
      22.043142
      22.262162
      22.485133
      22.702421
      22.920881
      23.134822
      23.343885
      23.568899
      23.786854
      24.000899
      24.216287
      24.433946
      24.654121
      24.889958
      25.118549
      25.351511
      25.591251
       25.82277
      26.057831
      26.277555
      26.512979
      26.752222
       26.98319
      27.215085
        27.4697
      27.714199
       27.95273
      28.199749
       28.45908
        28.6926
      28.942926
      29.210909
      29.462419
       29.72843
      29.988726
      30.256405
      30.511332
      30.760493
      31.022747
      31.293639
      31.544553
      31.819672
      32.085914
       32.34761
      32.618422
      32.906632
      33.188373
      33.468798
      33.749815
      34.035996
       34.32759
      34.609979
      34.907194
      35.199564
      35.503566
      35.788211
      36.080304
      36.375982
      36.660189
      36.971318
      37.281549
      37.581946
      37.896622
      38.198055
      38.491767
      38.799539
      39.123389
      39.432769
      39.743448
      40.060479
      40.371177
      40.708376
      41.039495
      41.341383
      41.683034
      42.015303
      42.346086
      42.679931
      43.005608
      43.342026
       43.69066
      44.043323
      44.372739
      44.718829
      45.069057
      45.407442
      45.755661
      46.100119
      46.441369
      46.801348
      47.165341
      47.527042
      47.879683
      48.223864
      48.585608
      48.969452
      49.330531
      49.709518
      50.096858
      50.470798
      50.858968
      51.233303
      51.608075
      52.017283
      52.396721
      52.763985
      53.134464
      53.510983
       53.90351
      54.284876
       54.68677
      55.062515
      55.449239
      55.824994
      56.222891
      56.629352
      57.029169
      57.438761
      57.849315
      58.265359
      58.680025
      59.068358
      59.480792
      59.886015
      60.303415
      60.738884
      61.162247
      61.588142
      62.027294
      62.440558
      62.870102
      63.288576
      63.764299
      64.222342
      64.670515
      65.122275
      65.543587
      66.002738
       66.46016
      66.903808
      67.374646
      67.820303
      68.284093
      68.758325
      69.241381
      69.705075
       70.17169
      70.624864
      71.111735
      71.580371
      72.045436
      72.512516
      72.977332
      73.466944
      73.930599
      74.411705
      74.921863
      75.417369
      75.922431
      76.391966
      76.881783
       77.35488
      77.834248
      78.310223
      78.843039
      79.380352
      79.881371
      80.377048
      80.898455
      81.415095
       81.94553
      82.470374
      82.985915
      83.517665
      84.055873
       84.58813
      85.104668
      85.646652
      86.186347
      86.731237
      87.256745
        87.8168
      88.373694
      88.901175
      89.418971
      89.943764
      90.494423
      91.025436
      91.560504
      92.104475
      92.664765
      93.230971
      93.803398
       94.37613
      94.978357
      95.578038
      96.151553
      96.712111
      97.307914
      97.882574
      98.463688
       99.07756
      99.656411
      100.24091
      100.83367
       101.4436
      102.05009
      102.64806
      103.26962
      103.91612
      104.54486
      105.16644
      105.79056
      106.39505
      107.00385
      107.63571
      108.26355
      108.89556
      109.51824
      110.12848
       110.7857
      111.40875
        112.008
      112.61657
      113.22939
       113.8605
       114.5169
      115.21433
      115.85094
      116.48684
      117.15478
      117.84859
      118.51061
      119.19059
      119.85648
      120.53041
      121.19008
      121.88095
      122.54639
      123.22376
      123.89827
      124.56853
      125.27355
      125.97733
      126.64564
      127.35971
      128.05608
      128.76202
       129.4748
      130.18463
      130.92275
      131.59975
      132.30698
      133.07298
       133.8015
      134.51129
      135.25299
      135.98422
      136.72139
      137.46499
      138.21522
      138.97339
      139.70454
      140.47268
      141.23166
      141.97653
      142.73033
      143.47751
      144.23086
      144.96072
      145.70805
      146.50508
       147.2918
       148.0737
      148.88213
      149.67386
      150.43653
      151.22347
      151.98829
      152.76414
      153.58835
      154.40467
      155.17652
      155.96783
      156.80757
      157.56313
      158.37939
      159.23816
      160.04324
      160.85728
       161.6865
      162.52582
      163.37674
      164.21432
      165.06004
      165.93848
      166.80508
      167.62408
      168.46665
      169.31249
      170.16809
      171.00632
      171.86993
      172.70744
      173.57271
      174.38659
       175.2194
      176.06182
      176.96487
      177.80226
      178.64916
      179.54166
        180.401
      181.33909
      182.19959
      183.16621
      184.04527
      184.93907
      185.86081
      186.81283
      187.68596
      188.60045
      189.51256
      190.44342
      191.34372
       192.2952
      193.27052
      194.16351
      195.11104
      196.03977
       197.0139
      197.95653
      198.88885
      199.83187
      200.78126
      201.78627
      202.72131
      203.70699
      204.64701
      205.65181
      206.65334
      207.72047
      208.76599
      209.73812
       210.7234
      211.71999
       212.6542
      213.63792
      214.60487
      215.64532
      216.64026
      217.64968
      218.66543
      219.67515
      220.74109
      221.73076
      222.78447
      223.84096
      224.92192
      226.00197
      227.07468
      228.10163
      229.20113
      230.26323
      231.37606
      232.42606
       233.4994
      234.58806
      235.71065
      236.83364
      237.97582
      239.07287
      240.23084
       241.3597
      242.45388
      243.60843
      244.77543
      245.89054
      247.06799
      248.21273
      249.38715
      250.54508
      251.70231
      252.85052
      253.99064
       255.1883
       256.3291
       257.5294
      258.73685
      259.88236
      261.06639
       262.3314
      263.51038
      264.73721
      265.97992
        267.193
       268.3891
      269.67644
      270.92769
      272.20357
      273.43259
      274.70453
      276.00585
      277.29959
      278.53659
      279.93044
      281.26299
       282.5691
      283.83254
      285.20188
      286.44947
      287.74231
      289.09667
      290.47433
      291.82458
      293.19484
      294.49396
      295.76273
      297.12904
      298.47675
      299.82317
      301.24439
      302.62531
       304.0653
      305.52095
      306.88696
      308.29698
      309.70727
      311.14131
      312.65442
      314.12737
       315.5731
      317.09502
      318.50853
      320.00714
      321.51835
      323.01816
      324.52581
      326.00273
      327.55401
      329.20208
      330.72211
      332.35966
      333.89514
      335.49404
      337.16926
      338.86288
      340.51673
      342.05441
      343.72207
      345.32573
      347.05875
      348.72381
      350.44566
      352.18171
      353.93307
      355.84397
      357.77434
      359.59398
      361.48293
      363.31194
      365.22054
      367.23379
      369.23535
      371.17666
      373.08141
      375.05752
      377.04045
      379.21451
        381.422
      383.45011
      385.57094
      387.74281
      389.83342
      392.04755
      394.34625
      396.53342
      398.99232
      401.44339
      403.91131
      406.41739
      408.87959
      411.42639
      414.14824
       416.8993
      419.59188
      422.35241
      425.31374
      428.11108
      431.02374
      434.00427
      437.22325
      440.33984
      443.51822
       446.7453
      450.24505
      453.78529
      457.41091
      461.12834
      464.83667
      468.79141
      472.98767
      476.93927
      481.33788
      485.63791
      490.03369
      494.76964
      499.42407
      504.23733
      509.66841
      515.24491
      520.48356
       526.3168
      532.37157
      539.06714
      545.64251
      553.23886
      560.82844
      569.14277
      578.04613
      587.75441
      598.64022
      610.41055
      623.87608
      640.33083
      660.24194
      684.76813
      716.29003
      764.41391
      869.31992
