   0.0016025986
   0.0032986918
   0.0050325721
   0.0066579177
    0.008368886
    0.010066908
    0.011860605
    0.013578409
    0.015296268
    0.017191861
    0.018862992
      0.0206495
     0.02238645
    0.024123394
    0.025968317
    0.027833969
    0.029533203
    0.031428118
    0.033235777
     0.03505062
    0.036809505
    0.038681414
    0.040552778
    0.042475445
    0.044421135
    0.046395932
    0.048312733
    0.050382958
    0.052292786
     0.05426697
    0.056273636
    0.058252278
    0.060168876
    0.062061485
    0.064113602
    0.066128916
    0.068167761
    0.070095305
    0.072213071
    0.074169078
     0.07617632
    0.078287825
    0.080255275
    0.082242471
    0.084279105
    0.086425985
    0.088431785
    0.090604066
    0.092667248
     0.09492142
    0.097098168
    0.099315327
     0.10161271
     0.10386302
     0.10600822
     0.10814385
     0.11041106
     0.11256722
     0.11486984
     0.11700901
     0.11927326
     0.12140229
     0.12382913
     0.12615039
     0.12846019
     0.13088584
     0.13325975
     0.13550522
     0.13782769
     0.14018126
     0.14261196
     0.14508147
     0.14743562
     0.14985033
     0.15233675
     0.15478988
     0.15721793
     0.15974456
     0.16213885
     0.16460957
     0.16726087
     0.16983423
      0.1723799
     0.17487421
      0.1774803
     0.18005594
     0.18281958
     0.18548539
     0.18839785
     0.19116588
     0.19385336
     0.19668617
     0.19948794
     0.20241963
     0.20521803
     0.20805434
     0.21091579
     0.21371487
     0.21673742
     0.21967003
     0.22243589
     0.22551141
     0.22857905
     0.23161743
     0.23466397
     0.23780929
     0.24094685
     0.24403543
     0.24713537
     0.25028398
     0.25329415
     0.25634132
     0.25946044
      0.2627849
        0.26619
     0.26967226
     0.27291791
     0.27676247
     0.28031266
     0.28400499
     0.28767355
     0.29123979
      0.2949066
      0.2985533
     0.30205585
     0.30581857
     0.30921927
       0.313219
     0.31718338
     0.32108183
     0.32494013
      0.3289827
     0.33301718
     0.33696765
     0.34116646
     0.34565182
     0.34996835
     0.35430054
     0.35854677
     0.36295288
      0.3674263
     0.37175331
     0.37638732
     0.38121051
     0.38609788
     0.39065487
      0.3954396
     0.40083562
     0.40562075
     0.41054348
     0.41561088
     0.42062215
     0.42578008
     0.43164293
     0.43699479
     0.44233132
     0.44750694
     0.45293606
      0.4585649
     0.46475033
      0.4699442
     0.47585998
     0.48200255
     0.48803413
     0.49423251
     0.50072953
     0.50744223
     0.51374475
     0.52056037
     0.52750804
     0.53360323
     0.54056222
     0.54759499
     0.55477151
     0.56249947
      0.5693149
     0.57687662
     0.58410295
     0.59241497
     0.60025516
     0.60794184
     0.61627421
      0.6249178
     0.63305539
     0.64159573
     0.65024337
     0.65831585
     0.66669977
     0.67658252
     0.68605428
     0.69605655
     0.70535935
     0.71463043
       0.725704
     0.73639749
     0.74687323
      0.7576945
     0.76856511
     0.78012067
     0.79074609
     0.80239297
     0.81330782
      0.8244316
     0.83523606
     0.84721145
     0.85777814
     0.86931212
     0.88080605
     0.89229675
     0.90438967
     0.91617447
     0.92840869
     0.94252014
     0.95600942
       0.970577
     0.98425557
     0.99757142
      1.0121526
      1.0286713
      1.0441622
      1.0571309
      1.0727182
      1.0884844
      1.1060868
      1.1209414
      1.1383196
      1.1556506
      1.1721939
      1.1893308
      1.2073344
      1.2252701
      1.2441012
       1.261692
       1.279743
      1.2985101
      1.3185819
      1.3383849
      1.3581518
      1.3790553
      1.3993478
      1.4196382
      1.4408188
      1.4604252
       1.482587
      1.5043748
      1.5282867
      1.5515109
       1.575228
      1.5995529
      1.6243025
      1.6483845
      1.6738121
      1.6996387
       1.727917
      1.7546839
      1.7780941
      1.8034958
      1.8309845
       1.859732
      1.8897014
      1.9195958
      1.9491146
      1.9776878
      2.0057919
      2.0330089
       2.065201
      2.0968244
      2.1278732
      2.1614172
      2.1952892
      2.2279644
      2.2617664
      2.2968745
      2.3303992
      2.3655809
       2.400594
      2.4346215
       2.472573
      2.5098168
      2.5472442
      2.5860061
      2.6240696
      2.6640684
      2.7069573
       2.746273
      2.7871223
      2.8265191
      2.8707759
      2.9158119
      2.9609084
      3.0069276
      3.0534737
      3.0968515
      3.1429213
       3.191195
      3.2372864
      3.2842311
      3.3346296
      3.3807229
      3.4312844
      3.4825577
      3.5360939
      3.5884635
      3.6447279
      3.6962014
      3.7523897
      3.8103851
      3.8693121
      3.9277428
      3.9862821
      4.0487873
      4.1092242
      4.1669438
      4.2273426
       4.284082
      4.3465014
      4.4113406
      4.4727307
      4.5387144
      4.6054022
      4.6705585
      4.7363431
      4.8040119
      4.8755994
        4.94163
      5.0136548
      5.0858202
      5.1565692
      5.2320679
       5.303186
      5.3801717
      5.4601913
      5.5310491
      5.6133688
      5.6873236
       5.765459
       5.850297
      5.9339281
      6.0126749
      6.0996728
      6.1844303
      6.2693432
      6.3520129
      6.4422918
      6.5275417
      6.6187254
      6.7136659
      6.8033182
      6.8968233
      6.9935463
      7.0890083
      7.1820278
      7.2716011
      7.3706321
        7.47259
      7.5740676
      7.6802817
      7.7893261
       7.889941
      7.9896132
      8.0930005
      8.1978782
      8.3020254
      8.4155015
      8.5249922
      8.6406525
      8.7498038
      8.8618689
      8.9778114
      9.0914971
      9.2024504
      9.3171697
      9.4351509
      9.5542619
       9.674611
      9.7967943
        9.91196
       10.03014
      10.159873
      10.286654
      10.415272
       10.55196
      10.690582
      10.818098
      10.946303
      11.081177
      11.224095
       11.35526
      11.492174
      11.627524
      11.771683
      11.917702
      12.061572
      12.207417
      12.344938
      12.489794
      12.638868
       12.79283
      12.946731
      13.094573
      13.247252
      13.403275
      13.555011
      13.710392
      13.865164
      14.018846
      14.194085
      14.361911
      14.530661
      14.691586
      14.854431
       15.02208
      15.195645
      15.356176
      15.528709
      15.702278
      15.872623
      16.047821
      16.221721
      16.394906
      16.574894
      16.751731
       16.93059
      17.106351
      17.297106
      17.479117
      17.665654
      17.859456
      18.050891
      18.240368
      18.431494
      18.630565
      18.828331
      19.027212
       19.21958
      19.423907
      19.621476
       19.81646
      20.022447
      20.229954
      20.430786
      20.638046
      20.845616
      21.045025
       21.25336
      21.459199
      21.674792
        21.8896
      22.097497
      22.305102
      22.513262
      22.740478
      22.952068
      23.172086
      23.393322
      23.619199
      23.860206
      24.090093
      24.320306
      24.550401
      24.781607
      25.010214
      25.245529
      25.478885
       25.71781
      25.965835
      26.200856
      26.457265
       26.70118
      26.952796
       27.20279
      27.442533
      27.694667
      27.956733
      28.211276
       28.46265
      28.711936
      28.983644
      29.241783
      29.503028
      29.769971
      30.037427
        30.3068
      30.587218
      30.850771
      31.127173
      31.400867
       31.66601
      31.946953
      32.223146
      32.485972
      32.752189
      33.017552
      33.307155
      33.585618
      33.873495
      34.166882
      34.458822
      34.731412
      35.016936
      35.321081
      35.609425
      35.924047
      36.224941
      36.521975
      36.802162
      37.093811
      37.381231
      37.681038
      37.978534
      38.282463
      38.593284
      38.898273
      39.219547
      39.531216
      39.837592
      40.145324
      40.463626
      40.772587
      41.094921
      41.420595
      41.746725
      42.061938
       42.38102
      42.705006
      43.033851
       43.36851
      43.705211
      44.055013
      44.383528
      44.711707
      45.045935
      45.383056
      45.714297
      46.056717
      46.402443
      46.757574
      47.117347
      47.469165
      47.815624
      48.182313
      48.524661
       48.88902
      49.235435
      49.588515
      49.956656
      50.312538
      50.678708
      51.039903
      51.372865
      51.748402
      52.119438
      52.498795
      52.865862
      53.238657
      53.612347
      53.987895
      54.352255
      54.747426
      55.120843
      55.513836
      55.901407
      56.297142
      56.670345
      57.048414
      57.433123
      57.837073
      58.247514
      58.627928
      59.021179
      59.410055
      59.812132
      60.225219
      60.637259
      61.030829
      61.458183
      61.838782
      62.246647
      62.650622
      63.055344
      63.481765
      63.889864
       64.29039
      64.711695
      65.141267
      65.570943
      65.997775
      66.426427
      66.842383
      67.288527
      67.707324
      68.134812
      68.574844
      69.018425
      69.449495
      69.894939
      70.347884
      70.785998
       71.22594
      71.685392
      72.133334
      72.589921
       73.04359
      73.486981
      73.910242
      74.369766
      74.823729
      75.274975
      75.732039
      76.173057
       76.65026
      77.094688
      77.584986
      78.060797
      78.541135
      79.042485
      79.515391
      79.980719
      80.449319
      80.929615
      81.412089
      81.904019
      82.371706
      82.853537
       83.35315
      83.836442
      84.322923
      84.809917
        85.3213
       85.83007
      86.342521
      86.833129
      87.338545
       87.86534
      88.361148
      88.890492
      89.414512
      89.899963
      90.402313
      90.903575
      91.441404
      91.969258
      92.490413
      93.002958
      93.515533
      94.041997
      94.572009
      95.103047
      95.630113
      96.186426
      96.722861
      97.246111
      97.805257
      98.327747
      98.871843
      99.392399
      99.922974
      100.47527
      101.01692
      101.52707
      102.06424
      102.61659
       103.1519
      103.71475
      104.29338
      104.84368
       105.4136
      105.96205
      106.54892
      107.10815
       107.6695
      108.24009
      108.83138
      109.42756
      109.98128
      110.52942
      111.15234
      111.75608
      112.37617
        112.969
      113.54827
      114.14599
      114.75213
      115.36126
      115.97241
      116.55105
      117.14394
      117.72501
      118.31172
      118.89946
      119.48151
      120.10686
      120.72244
      121.34463
      121.94446
      122.57142
      123.21392
      123.87006
       124.4852
      125.10692
      125.71341
      126.35577
       126.9744
      127.62154
      128.27717
      128.88392
      129.53736
      130.18649
      130.81438
      131.47862
      132.11273
      132.75644
      133.42823
      134.10549
      134.77934
      135.43937
      136.06926
      136.71264
      137.39645
      138.09584
      138.77635
      139.44275
      140.10695
      140.79175
      141.47101
      142.14083
      142.83338
      143.50883
      144.20609
      144.85629
       145.5383
      146.22764
      146.97142
      147.68019
      148.31588
      149.01195
      149.69728
      150.39536
      151.12734
       151.8275
      152.50442
      153.20617
      153.94908
      154.65809
      155.41409
       156.1184
      156.84294
      157.56426
      158.27196
      159.02081
      159.72295
      160.43982
      161.19393
      161.92996
      162.65861
      163.36549
      164.14897
      164.87126
      165.59192
      166.31321
       167.0527
      167.78458
      168.53689
      169.31963
      170.09469
      170.85065
      171.57839
       172.3402
      173.08982
      173.87336
      174.64351
      175.42047
      176.18872
      176.97327
      177.68204
      178.48758
      179.32856
        180.104
      180.87894
       181.6678
      182.43316
      183.18537
      183.96375
       184.7789
      185.61576
      186.42956
      187.24619
      188.06505
      188.87406
      189.70776
      190.52903
      191.35551
      192.16532
      193.00496
      193.80612
      194.62134
        195.467
      196.25809
      197.06518
      197.91262
      198.74607
      199.57013
      200.47449
      201.31789
      202.14604
      203.07825
      203.93175
      204.78468
       205.7411
      206.62129
      207.48793
      208.38842
      209.31769
      210.19953
      211.11971
       212.0645
      212.96787
      213.85501
      214.75143
      215.64385
      216.56022
      217.45638
      218.39311
      219.32531
      220.24609
        221.154
       222.0968
      223.04987
      224.00539
      224.97907
      225.98097
      226.91458
      227.83749
      228.81362
      229.78266
      230.76048
      231.70532
      232.67036
      233.64676
      234.61917
      235.59586
      236.57238
       237.5356
      238.54202
      239.51656
      240.49027
        241.485
      242.51216
      243.52303
      244.54077
      245.59109
       246.6383
      247.69743
      248.75461
      249.78811
      250.89372
      251.94375
      252.98725
      253.99683
      255.05498
      256.10074
      257.17875
      258.29142
      259.40209
      260.48437
      261.52169
      262.59707
      263.72946
      264.83569
      265.97033
      267.12378
      268.24641
      269.35312
       270.3977
      271.48461
      272.60005
      273.74747
       274.9144
      276.04495
      277.28848
      278.44272
      279.54639
      280.71998
       281.9349
      283.12495
      284.32037
      285.54993
        286.739
      287.94343
      289.13375
        290.301
      291.59774
      292.83225
      294.03821
       295.3412
       296.6772
      297.90322
       299.0744
      300.44321
      301.73959
      302.97313
      304.22847
      305.55642
      306.82341
      308.15955
      309.48092
      310.84691
      312.13791
      313.48542
      314.82352
      316.11095
      317.47507
      318.84376
      320.26637
      321.65888
      323.06632
      324.40982
      325.79834
      327.27174
      328.71759
      330.16254
      331.69487
      333.25253
      334.81054
      336.32972
      337.81696
      339.33275
      340.91908
      342.54911
      344.25084
      345.81659
      347.50381
      349.22251
      350.97093
      352.70648
      354.39146
      356.15101
      357.90482
      359.63422
      361.41014
      363.19952
      365.03286
      366.98505
      368.91626
      370.87211
      372.73966
      374.71488
      376.72306
      378.77763
      380.82323
      383.07206
      385.32277
      387.57207
       389.8207
      392.19729
      394.73944
      397.28164
      399.83132
      402.33476
      404.82671
      407.54413
      410.49561
      413.34633
      416.20334
      419.10209
      422.22215
       425.5194
      428.76198
      432.14448
      435.69554
      439.32959
      443.12955
      446.93838
      451.05517
      455.16344
      459.28191
      463.93382
       468.5146
      473.41272
      478.25196
      483.40492
      488.83879
      494.29451
      500.13438
      506.29447
      513.05813
      519.62237
      526.66682
       534.7157
      542.98542
      551.94979
      561.82199
      573.08867
      585.54423
      599.80717
      616.38144
      637.67295
      664.72496
      707.80113
      805.20302
