0.0039800351
   0.0079476953
    0.011979995
    0.016054493
    0.020058035
    0.023957363
    0.028140721
    0.032490912
    0.036513455
    0.040845789
    0.045054743
    0.049422949
    0.053530177
    0.057792519
    0.062023088
    0.066158731
    0.070165753
    0.074334355
    0.078838452
    0.083350392
    0.087740153
    0.092106313
    0.096591333
     0.10120408
     0.10547929
     0.11025386
     0.11468329
     0.11914544
     0.12382687
     0.12838908
     0.13299168
      0.1376733
     0.14225629
     0.14706322
       0.151783
      0.1563959
     0.16123997
     0.16620864
     0.17095686
     0.17607305
     0.18082388
      0.1855963
      0.1907243
     0.19534438
     0.20030386
     0.20492733
     0.20979621
     0.21511355
     0.22009391
     0.22541179
     0.23049078
     0.23561722
     0.24072167
     0.24621836
     0.25158806
     0.25699364
     0.26228477
     0.26733331
     0.27266635
     0.27833092
     0.28365207
     0.28926536
     0.29480015
     0.30054111
     0.30626776
     0.31190423
     0.31757794
      0.3235239
     0.32942869
     0.33500315
     0.34050585
     0.34658821
     0.35269655
     0.35850341
     0.36482894
     0.37078322
     0.37668199
     0.38267104
     0.38870117
     0.39489801
     0.40111085
     0.40709928
     0.41369918
     0.42025109
     0.42658407
     0.43326205
     0.43986559
     0.44623862
      0.4526602
     0.45920224
     0.46616047
     0.47262586
     0.47955391
     0.48648459
      0.4935149
      0.5002148
     0.50706804
     0.51408411
     0.52095473
     0.52828493
     0.53570487
     0.54246552
     0.55003026
     0.55733486
     0.56464823
     0.57184708
     0.57982206
     0.58741537
     0.59508278
     0.60303469
     0.61073477
     0.61901992
     0.62728086
     0.63503414
     0.64296291
     0.65113733
     0.65890288
     0.66749871
     0.67554681
     0.68438001
     0.69299642
     0.70091342
     0.70908132
     0.71795667
      0.7265527
      0.7347856
     0.74444412
     0.75371209
     0.76260975
     0.77215153
     0.78102677
     0.79102024
     0.80045565
     0.80952405
     0.81781845
     0.82743854
     0.83715487
     0.84725881
     0.85737172
     0.86730034
     0.87841988
     0.88832079
     0.89945396
     0.90991138
     0.92018783
     0.93046974
     0.94105328
     0.95198235
     0.96249635
      0.9735022
     0.98464215
     0.99557529
      1.0070578
      1.0190984
      1.0306882
      1.0424912
      1.0547125
      1.0662327
       1.077956
      1.0906203
      1.1036515
      1.1159255
      1.1283927
      1.1414151
      1.1538831
      1.1667861
      1.1797382
      1.1930611
      1.2066969
      1.2205002
      1.2339223
      1.2476519
      1.2621154
       1.275681
      1.2900724
      1.3038916
      1.3178202
      1.3335509
      1.3487057
      1.3630206
      1.3785455
      1.3926781
      1.4076286
      1.4232838
      1.4381689
      1.4541225
      1.4702116
       1.485588
      1.5016479
      1.5182176
      1.5344839
      1.5514428
      1.5679277
      1.5844849
      1.6016521
      1.6181766
      1.6346896
      1.6523811
       1.669906
      1.6887243
      1.7075633
      1.7254374
      1.7437598
      1.7621064
      1.7806983
       1.800089
       1.818661
      1.8378951
      1.8560943
      1.8750154
       1.895032
      1.9156126
      1.9370646
      1.9577865
      1.9797116
      1.9994527
        2.02111
      2.0416665
        2.06383
      2.0857932
      2.1073833
      2.1294943
      2.1516301
      2.1739001
      2.1966705
      2.2190233
      2.2411037
      2.2635131
      2.2867744
      2.3103113
      2.3338424
      2.3577516
      2.3831627
      2.4081807
      2.4330993
      2.4573872
      2.4825287
      2.5073598
      2.5329942
      2.5593027
      2.5854911
      2.6118401
      2.6390807
      2.6648594
      2.6915193
      2.7171294
      2.7435328
      2.7703303
      2.7968321
      2.8245415
      2.8529463
      2.8818567
      2.9120192
      2.9398596
      2.9691265
      3.0006507
      3.0296254
      3.0589655
      3.0892242
      3.1189834
      3.1508124
      3.1826076
      3.2129938
      3.2446173
      3.2757289
      3.3061956
      3.3368864
      3.3706053
      3.4025597
      3.4362958
      3.4681742
      3.5018594
      3.5355472
      3.5691611
      3.6030174
      3.6383767
      3.6716035
      3.7057577
      3.7394505
      3.7754241
      3.8111113
       3.847133
      3.8836228
      3.9205055
       3.958195
      3.9962873
      4.0362415
      4.0744118
      4.1114616
      4.1502883
         4.1877
      4.2283349
      4.2675874
      4.3086741
       4.349096
       4.390721
      4.4323517
      4.4733085
      4.5146979
      4.5568458
      4.5999901
      4.6419911
      4.6850167
       4.726584
      4.7688944
      4.8110752
      4.8543825
      4.8981031
      4.9439602
      4.9892632
       5.032461
      5.0805217
      5.1256862
      5.1721154
      5.2178811
      5.2664801
      5.3151563
       5.360819
      5.4105168
      5.4589702
      5.5067158
      5.5565888
      5.6043049
      5.6526667
      5.7053014
      5.7546606
      5.8066631
      5.8570397
       5.910812
      5.9636513
      6.0170691
      6.0703796
      6.1236486
      6.1778606
      6.2328416
      6.2893062
       6.341111
      6.3972592
      6.4542457
      6.5113778
      6.5717353
      6.6315417
      6.6876309
      6.7448295
      6.8036602
      6.8606706
      6.9202875
      6.9807863
      7.0438823
       7.107462
      7.1675703
      7.2286268
      7.2896131
      7.3519109
      7.4172282
      7.4801861
      7.5457928
      7.6095584
      7.6812611
      7.7451653
      7.8113449
      7.8802815
      7.9437693
      8.0120106
      8.0818693
      8.1509137
      8.2205498
       8.291814
       8.363321
      8.4333811
      8.5047544
      8.5743528
      8.6489761
      8.7230144
      8.7958792
      8.8700506
        8.94589
      9.0266773
      9.1023722
      9.1773279
      9.2562159
       9.331114
      9.4096694
       9.488723
      9.5731056
      9.6534329
      9.7324217
      9.8177414
      9.9016286
      9.9833104
      10.065401
      10.149964
      10.240306
      10.327561
      10.414312
      10.500353
      10.585132
      10.670031
      10.757034
      10.847418
      10.934694
      11.022521
      11.108966
      11.200336
      11.294673
      11.386582
      11.481187
      11.574707
      11.667048
      11.764066
      11.853703
      11.947861
      12.041503
      12.140672
       12.24169
      12.340449
      12.441248
      12.537118
      12.635864
      12.740004
      12.841524
      12.947987
      13.055497
      13.160052
      13.265545
      13.373132
      13.478094
      13.588018
      13.701106
      13.815156
      13.922371
      14.028568
      14.130814
      14.240659
      14.354705
      14.468609
       14.58086
      14.701224
      14.820077
      14.942739
      15.065207
      15.192193
      15.307332
      15.420642
      15.536879
      15.657239
      15.775951
      15.903099
      16.034582
       16.16148
       16.29063
      16.413235
      16.542194
      16.669408
      16.799978
      16.929785
      17.060046
      17.185148
      17.311106
      17.447568
       17.58239
      17.720668
       17.86848
      17.999058
      18.128261
      18.269667
      18.411673
      18.544268
      18.687506
      18.830523
      18.971115
      19.115667
      19.251079
      19.397432
      19.540112
      19.689675
      19.838786
      19.997787
      20.148809
       20.31165
       20.46785
      20.612227
      20.771336
       20.92264
       21.08352
      21.239381
      21.393163
      21.553917
      21.715089
      21.870681
      22.029313
      22.196798
      22.361212
      22.532325
      22.692903
       22.85866
      23.021797
      23.188489
      23.363578
      23.542428
      23.717769
      23.895764
      24.070315
      24.242762
      24.425414
      24.605075
      24.792851
      24.965278
       25.14349
      25.320077
      25.502671
      25.683013
       25.88691
      26.077357
      26.261654
      26.449653
      26.646606
      26.846993
      27.032736
      27.232935
      27.428267
      27.613393
      27.824749
       28.02077
      28.230445
      28.432915
      28.643244
      28.852065
      29.059055
       29.26998
      29.483062
      29.688054
      29.901474
      30.120346
      30.335418
        30.5562
      30.792749
      31.005158
      31.237379
      31.468372
      31.691854
      31.931349
      32.164938
      32.403304
      32.634377
      32.866347
      33.098418
      33.324261
      33.564955
      33.802496
      34.043376
      34.280891
      34.522316
      34.772262
      35.020658
      35.272059
        35.5093
      35.748489
      35.997839
      36.242176
      36.479902
      36.729848
      36.988093
      37.245058
      37.501588
      37.763654
      38.028868
      38.291262
      38.557182
      38.825668
        39.0904
      39.349204
      39.645993
      39.895244
      40.179205
      40.455911
      40.728796
      41.006824
      41.297325
      41.574041
      41.868772
      42.166903
      42.472589
      42.761418
      43.062145
      43.345143
      43.653887
      43.953112
      44.251225
      44.548944
      44.849723
      45.157772
       45.47791
       45.79399
      46.120175
      46.457433
      46.769285
      47.095802
      47.414101
      47.732796
      48.077199
      48.388088
      48.724268
      49.052244
      49.394672
      49.718414
      50.043372
      50.384383
      50.729484
      51.059101
      51.409187
      51.740993
      52.085429
      52.440448
      52.789598
      53.163519
      53.534191
      53.904507
      54.257847
       54.59616
      54.955965
      55.336626
       55.71636
      56.072292
      56.429325
      56.790178
      57.162627
       57.56902
      57.951223
      58.340015
       58.71824
      59.108213
      59.491946
      59.881701
      60.287723
       60.68476
      61.089412
      61.509293
       61.92158
      62.335203
      62.767654
      63.178074
      63.604952
      64.034122
      64.467659
      64.921447
      65.362573
       65.77148
      66.187762
      66.614517
      67.053976
      67.493968
      67.947936
      68.398628
      68.840975
       69.28307
      69.741293
      70.178307
      70.655243
      71.112603
      71.592258
      72.048973
      72.525734
      72.994172
      73.452339
      73.911046
      74.397328
      74.878965
      75.383543
      75.901189
      76.386861
       76.85639
      77.338068
      77.865656
      78.359675
      78.847318
       79.36606
      79.868168
      80.386777
      80.916339
      81.424983
      81.982466
      82.524173
      83.050015
      83.587627
      84.116402
      84.646612
      85.187049
      85.761558
      86.302269
      86.849896
      87.398677
      87.995952
      88.556471
      89.121538
      89.698984
      90.257994
      90.830185
      91.425594
      92.007206
      92.605971
      93.202201
      93.833053
      94.428458
      95.050445
      95.639632
      96.259263
      96.891441
      97.501643
      98.159909
      98.771828
      99.454821
      100.05397
      100.69521
      101.33373
      102.00519
      102.62892
      103.29087
      103.93556
      104.58887
      105.27157
      105.96704
      106.66182
      107.35585
      108.06973
      108.71617
      109.38556
      110.11391
       110.8089
      111.55466
      112.27667
      112.98219
      113.70146
      114.42778
      115.19358
       115.8953
      116.59116
      117.34614
      118.09684
      118.85487
      119.58764
      120.32279
      121.07852
      121.86335
      122.59456
      123.37399
      124.16186
      124.98142
      125.78237
      126.57526
       127.3449
      128.11357
      128.91001
      129.70621
      130.47952
      131.29461
      132.17536
      133.03607
      133.88987
      134.71146
      135.53085
      136.37722
      137.22976
      138.10088
      138.98085
      139.79687
      140.67572
      141.56782
      142.47083
      143.37339
      144.25343
       145.1118
      146.03849
      146.98897
      147.90256
      148.78297
      149.67828
      150.61058
      151.45114
      152.36074
      153.28576
      154.22276
      155.18896
      156.20891
      157.17324
      158.16893
      159.15041
      160.14815
      161.14649
      162.12382
      163.16331
      164.20423
      165.26229
      166.29314
      167.25741
      168.26012
      169.29418
      170.33462
      171.45178
      172.49645
      173.58196
      174.72151
      175.88175
      176.92776
       178.0251
      179.19122
      180.39157
      181.50388
      182.62473
      183.69455
      184.89073
      186.00238
      187.14982
      188.35742
      189.55622
      190.75096
      191.90646
      193.17245
      194.36231
      195.54636
      196.73284
      197.97638
      199.25616
      200.53161
      201.81758
      203.00262
      204.27978
      205.47295
      206.73413
      207.98545
      209.26132
      210.52727
      211.85376
      213.23035
      214.58483
      215.96838
      217.29869
      218.61452
      220.01022
      221.38724
      222.78068
      224.12761
      225.50776
      226.89757
       228.3025
      229.71914
      231.13391
      232.68683
      234.20827
      235.64016
       237.0933
      238.58257
      240.06159
      241.56923
      243.07718
       244.5736
      246.07572
      247.60034
      249.06906
      250.64376
      252.32608
      253.96554
      255.60624
      257.21912
      258.90647
      260.56926
      262.26232
      263.88227
      265.55729
      267.16159
      268.84549
      270.47953
      272.21277
      273.90357
      275.68162
       277.3754
      279.14741
      280.85139
      282.61111
      284.45179
       286.4091
      288.18866
      289.96286
      291.90409
      293.79653
      295.70884
       297.5538
      299.54801
      301.40613
       303.2775
      305.17878
      307.07742
      309.07197
      311.07444
      313.16479
      315.25091
      317.25381
      319.38925
      321.47227
      323.49561
      325.54373
      327.60965
      329.70204
      331.87101
      333.92726
      336.19199
      338.38972
      340.65707
      342.92383
      345.14422
      347.45807
      349.72237
      352.11725
      354.41817
       356.7715
      359.09191
      361.54872
      364.04761
      366.48477
       368.9306
      371.39727
      373.86839
      376.35464
      378.86093
      381.51107
      384.32671
        386.941
      389.76099
      392.58515
       395.4326
      398.07462
      400.88578
      403.70998
      406.41208
       409.3229
      412.19075
      415.07693
      417.95634
      421.03779
      424.02206
      426.99761
      430.43628
      433.76466
      436.81578
      440.04333
      443.37943
      446.92191
      450.40916
      453.73682
      457.32858
      460.83282
      464.36789
      467.88312
      471.68964
      475.51573
      479.15925
      483.09519
      487.17429
      491.33703
      495.51407
      499.88732
      504.10408
      508.70179
      513.27061
      517.71466
      522.38833
      527.04286
      532.01626
      537.24106
      542.29064
      547.90083
      553.65201
      559.31354
      564.83892
       571.1066
      577.34762
      584.09308
      591.01454
      597.83009
      604.81364
      612.44644
      620.29667
      628.89787
      637.44305
      646.26702
      656.42763
      666.68497
      677.41768
      689.55812
      703.14192
      717.24655
      734.40861
      753.06752
      773.42117
      796.49936
      825.11718
      859.35043
      909.12786
       978.7257
      1109.4008
