    0.023871186
    0.049046205
    0.074023817
     0.09880525
      0.1237633
     0.14799926
     0.17374531
     0.19900549
       0.223229
     0.24903027
     0.27442171
     0.30128693
     0.32773516
     0.35540082
     0.38163451
        0.40755
     0.43679254
     0.46248181
     0.48957294
     0.51751187
     0.54373429
     0.57207386
     0.60048272
      0.6287674
     0.65772107
      0.6863114
     0.71407795
     0.74387807
     0.77358957
     0.80126217
     0.83006852
     0.85938042
     0.88870574
     0.91734241
     0.94884472
     0.97969836
      1.0098518
      1.0405582
      1.0708927
      1.1037893
      1.1359095
      1.1655098
      1.1987187
      1.2323817
      1.2648142
       1.297558
      1.3329211
      1.3663726
      1.3992102
       1.432587
      1.4662392
      1.5004927
      1.5340364
      1.5682804
      1.6039436
      1.6398282
      1.6758842
      1.7113325
      1.7483603
      1.7850116
      1.8217029
      1.8572826
      1.8942883
       1.930699
      1.9688568
      2.0072407
      2.0459508
      2.0834962
      2.1237552
      2.1645557
      2.2041598
      2.2432742
      2.2807815
      2.3191581
      2.3615169
      2.3985941
      2.4379747
      2.4785866
      2.5185578
      2.5583243
      2.5997809
      2.6417239
       2.682399
      2.7229679
      2.7645741
       2.805052
      2.8475383
      2.8894692
      2.9303999
      2.9726706
        3.01396
      3.0563849
      3.0962632
      3.1389582
      3.1821958
      3.2247556
      3.2677532
      3.3122425
      3.3586192
      3.4015276
        3.44539
      3.4876869
      3.5319821
      3.5752551
      3.6219578
      3.6652907
      3.7125315
      3.7582343
      3.8043382
      3.8517923
      3.8973865
       3.943696
      3.9909197
        4.03837
      4.0854061
      4.1319408
      4.1804917
      4.2284145
      4.2762836
      4.3247261
      4.3745583
      4.4251998
      4.4741662
      4.5268334
      4.5756827
      4.6265204
       4.677149
      4.7261844
      4.7759433
      4.8270063
      4.8772073
      4.9280801
      4.9788137
      5.0283467
      5.0789602
      5.1328327
      5.1881668
       5.241343
      5.2936067
      5.3465347
      5.4005013
      5.4508184
      5.5041924
      5.5606486
      5.6167394
      5.6748083
      5.7309688
      5.7883513
       5.842566
      5.8997694
      5.9566994
      6.0167288
      6.0721283
      6.1262369
      6.1820881
      6.2436448
      6.3024674
      6.3594179
       6.417337
       6.474508
      6.5333078
      6.5948514
      6.6571774
      6.7174623
      6.7766727
      6.8365531
      6.8967246
      6.9582448
      7.0211817
      7.0824104
      7.1438522
      7.2035259
      7.2665134
      7.3260178
      7.3876831
      7.4482254
      7.5112913
      7.5782682
      7.6405307
      7.7045788
      7.7691301
      7.8306984
       7.894889
      7.9600798
      8.0219479
      8.0853062
      8.1507946
      8.2132621
      8.2774111
      8.3398488
      8.4091041
      8.4757694
      8.5378513
      8.6028294
      8.6699006
      8.7358374
      8.8011662
      8.8715145
      8.9427798
      9.0131643
      9.0838313
        9.15437
      9.2221002
      9.2969221
      9.3656587
      9.4373268
      9.5101586
      9.5767633
      9.6472328
      9.7179884
      9.7906132
      9.8645215
      9.9369114
      10.007091
      10.080318
      10.151625
      10.223001
      10.297468
      10.370439
      10.446907
      10.518609
      10.591442
      10.667107
      10.744537
      10.818203
      10.893131
       10.96349
      11.040319
      11.116502
      11.190881
      11.269281
      11.347218
      11.426981
      11.501274
      11.578786
      11.656528
      11.737506
      11.818933
      11.900613
      11.981424
      12.058085
      12.139427
      12.218212
      12.297173
      12.377264
      12.457729
      12.535721
      12.617684
      12.700296
      12.784053
      12.862493
      12.945681
      13.029924
      13.117869
      13.202191
      13.284159
      13.370195
      13.453087
      13.538881
      13.625419
      13.712959
      13.800387
      13.889895
      13.978738
      14.069802
      14.158313
      14.243712
      14.332982
      14.420362
      14.509826
      14.597258
      14.688584
      14.775444
      14.865522
      14.957178
      15.050888
      15.142809
      15.233583
      15.321892
      15.412763
      15.505541
      15.600449
      15.694325
      15.784081
      15.877057
      15.974035
      16.069681
        16.1612
      16.255525
       16.35144
      16.445394
      16.542103
      16.638158
      16.729207
      16.825601
      16.919261
      17.016365
      17.118348
       17.21662
      17.319748
      17.418371
      17.518485
      17.620006
      17.716975
       17.81959
      17.923818
      18.027063
      18.135024
      18.239218
      18.346375
      18.446858
      18.550945
      18.653708
      18.760722
      18.864143
      18.969225
       19.07355
      19.177415
      19.283274
      19.390427
      19.497256
      19.605795
      19.717187
      19.824919
      19.934536
      20.038949
      20.144831
      20.256095
       20.36617
      20.476853
      20.586431
       20.70466
      20.808953
       20.92302
      21.033786
      21.144581
      21.264537
      21.378364
      21.486058
      21.596427
      21.715302
      21.819848
       21.92936
      22.042542
      22.149567
      22.264139
      22.375518
      22.501924
      22.612107
      22.732549
      22.849398
        22.9662
      23.098421
      23.216863
       23.32992
      23.451697
      23.571283
      23.689488
      23.813392
      23.929931
      24.056624
      24.178052
      24.300495
      24.423229
      24.545028
      24.661415
       24.78155
      24.912962
      25.041145
      25.168276
      25.296448
      25.426694
      25.561033
      25.685191
      25.815888
      25.937704
      26.062334
      26.185587
      26.310674
      26.445252
      26.584043
      26.716557
      26.851401
      26.981543
      27.114937
      27.248732
      27.382495
      27.517701
      27.646161
      27.782273
       27.90788
      28.043977
      28.172157
      28.308636
      28.445959
       28.58048
      28.731098
      28.873896
      29.012034
      29.150239
      29.289112
      29.432037
       29.56649
      29.706907
      29.849865
      29.983294
      30.128511
      30.273912
      30.417172
      30.567867
       30.70558
      30.853057
       30.99607
      31.143776
      31.284557
      31.436652
       31.58329
      31.734516
      31.883895
      32.033859
      32.182245
      32.330335
      32.482709
       32.63143
      32.783942
      32.933182
      33.082599
      33.233677
      33.390166
      33.542197
      33.698047
      33.853259
       34.00457
      34.154734
      34.309795
      34.466896
      34.628107
      34.783306
      34.941443
      35.096173
      35.255083
      35.406932
      35.567521
      35.729221
      35.896642
      36.059187
      36.227418
      36.396926
      36.561263
      36.722179
       36.89405
      37.053744
      37.217675
      37.393533
      37.566468
      37.734531
      37.906414
      38.081866
      38.256873
      38.427759
       38.60318
      38.780717
      38.956349
      39.135237
      39.315613
      39.487601
      39.661762
      39.828461
      40.003917
       40.18378
      40.349985
      40.534032
        40.7186
      40.893222
      41.071686
      41.256801
      41.437395
      41.619128
      41.798288
      41.979432
      42.154981
      42.323007
      42.509565
      42.689326
      42.870271
      43.052275
      43.251211
      43.451519
      43.644156
      43.821708
      44.011446
      44.209463
      44.388263
      44.577498
      44.767435
      44.960482
      45.161441
      45.365649
      45.567968
      45.761935
       45.96394
      46.163629
      46.355811
      46.558447
      46.754678
       46.94698
      47.145345
       47.35905
      47.560627
      47.759846
      47.965978
      48.163542
      48.371439
      48.569108
      48.779539
        48.9844
      49.190395
      49.398864
      49.619634
      49.841406
      50.047155
      50.243219
      50.463248
      50.672765
       50.88768
      51.108218
      51.327393
      51.553139
      51.775675
      52.002873
      52.211835
      52.431899
      52.660424
      52.884636
      53.102625
      53.324789
      53.538784
      53.768446
      54.002209
       54.23358
      54.462612
      54.690862
      54.916846
      55.140017
      55.368949
      55.598822
      55.834755
      56.062724
      56.308965
      56.547208
      56.770359
      57.003034
      57.241638
      57.482839
      57.717539
      57.960259
      58.203036
      58.448676
      58.695921
      58.940612
      59.193837
      59.428609
      59.680455
      59.930773
      60.182325
      60.431525
      60.672507
      60.928489
      61.177369
      61.419255
      61.674641
      61.932906
      62.190045
      62.460851
      62.732517
      62.993218
       63.26176
      63.531094
      63.782485
      64.047116
      64.306256
      64.585006
      64.845755
      65.110056
      65.375478
      65.650402
      65.931873
      66.211715
      66.487565
      66.776552
      67.035591
      67.304654
      67.587053
      67.873638
      68.143565
       68.42467
      68.702099
      68.971375
      69.273378
      69.568424
      69.857694
      70.165487
      70.451947
      70.732658
      71.024156
       71.31744
      71.605295
      71.904715
      72.196472
      72.491167
      72.796613
      73.092741
      73.386369
      73.691339
      73.982717
      74.290674
      74.586327
      74.893946
      75.206987
      75.512542
       75.82003
      76.139567
       76.46444
      76.780828
      77.075383
      77.388229
       77.70268
      78.023394
      78.346142
      78.670115
      78.999175
      79.334481
      79.657203
      79.965851
      80.310061
      80.632897
      80.969974
      81.290076
      81.612486
      81.961631
      82.299876
      82.628334
      82.978732
      83.319026
      83.667285
      83.999974
      84.341288
       84.69574
      85.066013
      85.412317
      85.767059
      86.123305
      86.471599
      86.823268
      87.179423
      87.537894
      87.904105
      88.259647
      88.606461
      88.946413
      89.306684
      89.677589
      90.051314
      90.411418
       90.75492
      91.143062
      91.525109
      91.901279
      92.265663
      92.642021
      93.018977
      93.395249
      93.796117
      94.174015
      94.539185
      94.933061
      95.312349
      95.699336
      96.103625
      96.491742
      96.874281
      97.241692
       97.63022
      98.035306
      98.473347
      98.889116
      99.285587
      99.697303
       100.0845
      100.49614
       100.9009
      101.32131
      101.72366
      102.12138
      102.52994
      102.96094
      103.40123
      103.84119
       104.2989
       104.7444
      105.19601
      105.65151
      106.09227
      106.52082
      106.95386
      107.41005
      107.84825
      108.28123
       108.7589
      109.20033
      109.65498
      110.10455
      110.54602
      110.98286
      111.43786
       111.9194
      112.38652
      112.83987
      113.27193
      113.74867
      114.24436
      114.71474
      115.19357
      115.67664
      116.16343
      116.64817
      117.13096
      117.63996
      118.15693
      118.66174
      119.14556
       119.6595
      120.18538
      120.66846
      121.17634
      121.67454
      122.19038
      122.70911
      123.23091
      123.75469
      124.25705
      124.77549
      125.28514
      125.82698
      126.34395
      126.88496
      127.45106
      127.98974
      128.55418
      129.11487
      129.67572
      130.20401
       130.7836
       131.3648
      131.91903
      132.48328
      133.07748
      133.67085
      134.23018
      134.82595
      135.41753
      135.98205
       136.5924
      137.18858
      137.75178
      138.34998
      138.93161
       139.5525
      140.15218
      140.75002
       141.3484
      141.96813
      142.57164
      143.18518
      143.82565
      144.44804
      145.07356
       145.7159
      146.33493
      146.95199
      147.60256
      148.24021
      148.89722
      149.57419
      150.27016
      150.94862
      151.62578
       152.3126
      153.00409
      153.72714
      154.44083
      155.12161
      155.81978
      156.51956
      157.19711
      157.90409
      158.62456
      159.35775
      160.09666
      160.81706
      161.60551
      162.34129
        163.064
      163.83135
      164.57003
        165.317
      166.08368
      166.83157
      167.63548
      168.41913
      169.16789
      169.93931
       170.6969
      171.46399
      172.25109
      173.05246
      173.85259
      174.61908
      175.44833
      176.24525
      177.05239
      177.92183
      178.78941
      179.68574
      180.49218
      181.37584
      182.22737
       183.0704
      183.93823
      184.82846
      185.68027
      186.59865
      187.51003
      188.42082
      189.34844
      190.24717
       191.1841
      192.10227
      193.02732
      193.94381
      194.87587
      195.85565
      196.85244
      197.79355
      198.72854
      199.77804
      200.79199
      201.83645
      202.88579
      203.90758
      204.94607
      205.96562
       207.0476
      208.06896
       209.1549
      210.19487
      211.27374
      212.36984
      213.49292
      214.62331
      215.72006
      216.85213
      218.02394
      219.21262
      220.41193
      221.54844
      222.73676
       223.9742
      225.14855
      226.39296
      227.66275
       228.8944
      230.11038
      231.36298
      232.58567
       233.8715
      235.13492
      236.52209
      237.81974
      239.18654
      240.51747
      241.84615
      243.18555
      244.54055
      246.00517
      247.45541
      248.86309
      250.21902
      251.54946
       252.9593
       254.4145
      255.88992
      257.36807
      258.86088
      260.35726
      261.96304
      263.49669
      265.17128
      266.81715
      268.52421
      270.16117
      271.86065
      273.45569
      275.09877
      276.80176
      278.50607
      280.12485
      281.90997
       283.7145
      285.41141
      287.17416
      289.07704
      290.93368
      292.87255
      294.74569
      296.80046
      298.84006
       300.8719
      302.96545
      304.90644
      306.95893
      309.16005
       311.1921
      313.36041
      315.52389
       317.7223
      319.92258
      322.23858
      324.43718
      326.85082
      329.24445
      331.69959
       334.1803
      336.65459
      339.12554
      341.74005
      344.21192
      346.80564
      349.60658
      352.36697
      355.27068
      358.01574
      361.05766
      364.05947
      367.03779
       370.0637
      373.07452
      376.30209
       379.5612
      382.93768
      386.23743
      389.69806
      393.36322
      397.02677
      400.62736
      404.51647
      408.55942
      412.55464
      416.73254
      420.92513
      425.06274
      429.48633
      433.86979
      438.51908
      443.29046
      448.49981
      453.57034
      459.15603
      464.40379
      470.14835
      475.66309
      481.88202
      488.03738
      494.07143
      500.35739
      507.15489
      514.40485
      521.81748
      529.79817
      538.14833
      546.73134
      555.65912
      565.36277
      575.54023
      586.38436
         597.54
      609.81381
      623.63037
      638.01196
      653.51181
      671.14309
      690.97852
       713.7508
      739.84489
      767.02329
      799.92168
      843.66465
      901.49904
      986.39698
      1158.7621